-141.6454099465
-28.9232641667
-36.9312073438
46.4121669294
34.2166675105
-54.3529260040
36.3437669046
-59.1077431722
-28.5517238535
-7.2555017555
106.0276949253
56.2916089565
62.5363700911
-3.8881302526
-0.9517991600
23.9145315254
-87.5627551703
-92.6081672045
138.4159264210
-38.9437294870
-27.8519612408
24.7770899388
11.6271562761
-116.3886637767
-89.0922567590
-41.7676625340
7.6005715975
7.4288246923
151.5569817167
13.1354827677
-36.2381457720
2.9546237637
-10.5242654662
-52.3800041198
-137.4505185022
-153.9732152793
26.0827350571
19.1246293104
43.5025387026
-10.0193924027
22.6131940866
-139.5485395926
73.0364580618
107.4387540236
-100.5172212475
99.0273188702
65.8388074132
89.2213274769
44.4694705838
86.1471346687
96.1126526910
6.1702362969
99.1423069162
-20.0004195538
-76.9208905364
-104.5178626086
-87.9112258249
149.2098349663
22.8646313676
100.0836496111
80.1849783492
26.2310775282
-159.9317152910
-59.1908041582
-40.2086481716
-9.3382803484
-44.5114690096
-133.3748476146
43.2157310591
74.0158617069
-98.6386693658
31.9312595778
68.9108766736
49.7798329986
97.2671457415
67.3608069772
52.9222641114
31.4904583061
228.3889147381
25.6785361562
-0.6582593978
-27.7670936721
-4.1723702911
13.1593257048
-1.0083122318
143.4404465651
38.9487418739
-0.3641664892
-100.8384622993
-16.4177008108
-54.3751363396
-20.9506009556
102.6235450630
42.6531652343
-8.0031636684
-4.0806128486
67.4757055551
19.9061579190
-62.9622841065
65.4794379265
-33.6640735660
-40.1169752771
-24.9882666295
-80.2361485823
32.7523342802
13.8733390694
-93.6283830856
74.3954491270
126.5116262191
-155.2165629268
-19.8454916756
49.9324813115
86.1499629088
152.3223153351
75.5138905847
28.1816031613
-31.8513501251
-127.9147407066
-34.0863115128
-21.1528982352
98.2480465388
96.1763627107
-162.8609262460
-7.3756298811
-61.3127642794
-49.5104240715
41.6991555785
171.6061233375
70.3077534307
68.8530461362
