1.73017926184
3.37105888712
2.29292364348
7.08552640522
7.10939198565
-9.85432019931
2.51806441802
0.327880011226
-2.19378027322
-3.56208725196
8.14094489208
6.22056944108
1.07903403909
-8.82488345185
3.38948936073
6.91831822107
-2.77795808066
-5.77866802576
9.47140140011
1.5666222301
-9.47320001907
-2.57916640632
-8.81462060267
-2.16800746114
-1.93530337015
-0.576621947735
-7.26164890769
-1.03524472637
6.98392185086
3.8793625629
2.7680468674
-7.36462455449
-7.21326796075
-8.65306545146
-6.13639676888
2.54131458947
7.31775920652
-1.19465438488
1.78203892239
-8.4473887599
1.56487496706
-9.88046022928
3.93014894464
6.38087477635
-4.68438621787
4.39264008265
-1.39167290155
7.86499098832
6.863275397
6.0576577329
